
99 -3.72 -129.82 -74.37 -15.19 162.38
 -73.98 -3.72 -129.80 -74.36 -15.19 162.37
 -73.97 -3.71 -129.78 -74.35 -15.19 162.36
 -73.97 -3.71 -129.75 -74.35 -15.19 162.34
 -73.96 -3.70 -129.73 -74.35 -15.20 162.33
 -73.96 -3.70 -129.73 -74.35 -15.20 162.32
 -73.96 -3.70 -129.73 -74.34 -15.20 162.31
 -73.96 -3.70 -129.73 -74.34 -15.20 162.30
 -74.90 -4.62 -131.38 -74.33 -15.20 162.29
 -73.94 -3.69 -129.62 -74.33 -15.21 162.28
 -73.93 -3.68 -129.61 -74.32 -15.21 162.27
 -73.93 -3.68 -129.58 -74.32 -15.21 162.26
 -73.92 -3.68 -129.57 -74.32 -15.22 162.25
 -73.91 -3.68 -129.52 -74.32 -15.22 162.24
 -73.91 -3.68 -129.52 -74.31 -15.22 162.23
 -73.91 -3.67 -129.50 -74.31 -15.22 162.22
 -73.91 -3.67 -129.48 -74.31 -15.23 162.21
 -73.90 -3.67 -129.47 -74.30 -15.23 162.21
 -73.90 -3.67 -129.45 -74.30 -15.23 162.20
 -73.90 -3.67 -129.44 -74.30 -15.23 162.19
 -73.89 -3.67 -129.42 -74.30 -15.23 162.18
 -73.89 -3.66 -129.41 -74.30 -15.23 162.17
 -73.89 -3.66 -129.39 -74.30 -15.24 162.16
 -73.89 -3.66 -129.38 -74.29 -15.24 162.16
 -73.89 -3.66 -129.37 -74.29 -15.24 162.15
 -73.89 -3.66 -129.37 -74.29 -15.24 162.14
 -73.89 -3.66 -129.37 -74.28 -15.23 162.13
 -73.89 -3.66 -129.37 -74.29 -15.23 162.13
 -73.89 -3.66 -129.37 -74.27 -15.24 162.12
 -73.89 -3.66 -129.37 -74.28 -15.24 162.11
 -73.89 -3.66 -129.37 -74.28 -15.24 162.11
 -73.89 -3.66 -129.37 -74.26 -15.24 162.11
 -73.89 -3.66 -129.37 -74.26 -15.24 162.10
 -73.89 -3.66 -129.37 -74.26 -15.24 162.09
 -73.89 -3.66 -129.37 -74.26 -15.25 162.09
 -73.89 -3.66 -129.37 -74.26 -15.25 162.08
 -73.89 -3.66 -129.37 -74.25 -15.25 162.08
 -73.89 -3.66 -129.37 -74.25 -15.25 162.07
 -73.89 -3.66 -129.37 -74.25 -15.25 162.07
 -73.89 -3.66 -129.37 -74.24 -15.25 162.06
 -73.89 -3.66 -129.37 -74.24 -15.24 162.05
 -73.89 -3.66 -129.37 -74.24 -15.24 162.04
 -73.89 -3.66 -129.37 -74.25 -15.24 162.04
 -73.89 -3.66 -129.37 -74.24 -15.25 162.04
 -73.89 -3.66 -129.37 -74.24 -15.24 162.03
 -73.89 -3.66 -129.37 -74.24 -15.24 162.03
 -73.89 -3.66 -129.37 -74.24 -15.24 162.03
 -73.89 -3.66 -129.37 -74.23 -15.24 162.02
 -73.89 -3.66 -129.37 -74.24 -15.25 162.02
 -73.89 -3.66 -129.37 -74.24 -15.25 162.02
 -73.89 -3.66 -129.37 -74.24 -15.25 162.02
 -73.89 -3.66 -129.37 -74.24 -15.25 162.01
 -73.89 -3.66 -129.37 -74.24 -15.25 162.01
 -73.89 -3.66 -129.37 -74.24 -15.25 162.00
 -73.89 -3.66 -129.37 -74.24 -15.25 162.00
 -73.87 -3.61 -129.05 -74.25 -15.25 162.00
 -73.87 -3.61 -129.05 -74.24 -15.26 161.99
 -73.87 -3.61 -129.05 -74.24 -15.26 161.99
 -73.87 -3.61 -129.05 -74.24 -15.26 161.99
 -73.87 -3.61 -129.05 -74.25 -15.26 161.99
 -73.87 -3.61 -129.05 -74.25 -15.26 161.99
 -73.87 -3.61 -129.05 -74.25 -15.26 161.98
 -73.87 -3.61 -129.05 -74.25 -15.26 161.98
 -73.87 -3.61 -129.05 -74.25 -15.26 161.98
 -73.87 -3.61 -129.05 -74.25 -15.26 161.98
 -73.87 -3.61 -129.05 -74.25 -15.26 161.97
 -73.87 -3.61 -129.05 -74.26 -15.27 161.98
 -73.85 -3.61 -128.99 -74.25 -15.27 161.97
 -73.85 -3.61 -128.99 -74.25 -15.27 161.97
 -73.85 -3.61 -128.99 -74.25 -15.27 161.97
 -73.85 -3.61 -128.99 -74.25 -15.27 161.96
 -73.85 -3.61 -128.99 -74.25 -15.27 161.96
 -73.85 -3.61 -128.99 -74.25 -15.27 161.96
 -73.85 -3.61 -128.99 -74.25 -15.27 161.95
 -73.85 -3.61 -128.99 -74.24 -15.27 161.95
 -73.85 -3.61 -128.99 -74.23 -15.27 161.95
 -73.85 -3.61 -128.99 -74.23 -15.27 161.95
 -73.85 -3.61 -128.99 -74.21 -15.26 161.94
 -73.85 -3.61 -128.99 -74.21 -15.27 161.94
 -73.85 -3.61 -128.99 -74.20 -15.27 161.95
 -73.88 -3.61 -128.93 -74.20 -15.28 161.94
 -73.88 -3.62 -128.93 -74.20 -15.28 161.94
 -73.88 -3.61 -128.93 -74.20 -15.28 161.94
 -73.88 -3.61 -128.92 -74.20 -15.28 161.94
 -73.88 -3.61 -128.92 -74.20 -15.28 161.94
 -73.88 -3.61 -128.92 -74.21 -15.28 161.94
 -73.88 -3.61 -128.92 -74.20 -15.29 161.93
 -73.88 -3.61 -128.92 -74.05 -14.99 161.95
 -73.88 -3.61 -128.92 -74.22 -15.29 161.92
 -73.88 -3.61 -128.92 -74.22 -15.29 161.92
 -73.88 -3.61 -128.92 -74.23 -15.29 161.92
 -73.85 -3.60 -128.89 -74.22 -15.29 161.92
 -73.85 -3.60 -128.89 -74.23 -15.28 161.92
 -73.86 -3.60 -128.89 -74.23 -15.28 161.93
 -73.86 -3.59 -128.88 -74.22 -15.28 161.93
 -73.86 -3.59 -128.88 -74.22 -15.28 161.93
 -73.86 -3.59 -128.88 -74.21 -15.28 161.92
 -73.86 -3.59 -128.88 -74.20 -15.28 161.92
 -73.86 -3.59 -128.88 -74.19 -15.28 161.91
 -73.86 -3.59 -128.88 -74.19 -15.28 161.92
 -73.86 -3.60 -128.88 -74.19 -15.28 161.92
 -73.86 -3.60 -128.88 -74.19 -15.28 161.92
 -73.86 -3.60 -128.87 -74.19 -15.28 161.92
 -73.86 -3.60 -128.87 -74.19 -15.28 161.91
 -73.87 -3.60 -128.87 -74.19 -15.28 161.91
 -73.87 -3.60 -128.87 -74.19 -15.29 161.92
 -73.87 -3.60 -128.87 -74.19 -15.29 161.92
 -73.87 -3.60 -128.87 -74.19 -15.29 161.92
 -73.87 -3.60 -128.87 -74.19 -15.29 161.92
