
75 2.07 24.18 -89.75 -10.32 169.15
 359.83 2.04 22.68 -90.73 -10.40 168.83
 358.94 2.00 21.29 -91.59 -10.46 168.43
 358.47 1.91 20.16 -91.26 -10.50 168.10
 358.07 1.98 19.27 -91.18 -10.50 168.08
 358.83 2.09 18.15 -90.18 -10.55 167.93
 359.66 2.14 17.08 -89.12 -10.63 167.72
 0.72 2.12 16.02 -88.35 -10.74 167.49
 1.53 1.91 15.25 -87.66 -10.88 167.25
 2.68 1.65 14.60 -87.15 -10.99 167.05
 2.86 1.55 14.02 -87.04 -11.00 167.01
 2.42 1.37 14.33 -87.21 -10.72 168.94
 3.76 0.10 16.27 -84.38 -11.64 171.73
 22.39 -4.77 13.30 -75.18 -14.01 171.44
 22.68 -4.84 13.23 -65.78 -17.57 171.11
 28.12 -2.42 14.62 -62.85 -15.81 171.28
 28.16 -2.35 14.64 -62.79 -13.47 172.22
 32.46 1.98 14.28 -58.33 -11.20 171.81
 35.08 0.05 13.34 -54.06 -11.74 170.95
 34.93 -0.18 13.18 -53.98 -11.75 171.01
 34.91 -0.16 13.18 -53.75 -11.67 171.19
 34.75 -0.25 13.07 -53.64 -11.65 171.28
 34.75 -0.25 13.07 -53.55 -11.63 171.36
 34.66 -0.21 13.01 -53.49 -11.56 171.46
 34.59 -0.18 12.96 -53.44 -11.49 171.57
 34.49 -0.20 12.86 -53.38 -11.45 171.67
 34.49 -0.21 12.86 -53.31 -11.36 171.83
 34.42 -0.19 12.77 -53.31 -11.36 171.83
 34.42 -0.19 12.77 -53.27 -11.32 171.91
 34.39 -0.19 12.74 -53.24 -11.28 171.98
 34.37 -0.20 12.70 -53.22 -11.24 172.05
 34.33 -0.20 12.66 -53.20 -11.21 172.11
 34.31 -0.20 12.63 -53.19 -11.18 172.19
 34.27 -0.19 12.57 -53.17 -11.14 172.25
 34.26 -0.19 12.57 -53.16 -11.11 172.32
 34.24 -0.20 12.55 -53.15 -11.09 172.38
 34.21 -0.19 12.51 -53.13 -11.06 172.43
 34.19 -0.19 12.46 -53.12 -11.04 172.49
 34.19 -0.19 12.46 -53.11 -11.02 172.54
 34.17 -0.19 12.42 -53.11 -11.00 172.58
 34.17 -0.19 12.42 -53.10 -10.98 172.63
 34.16 -0.19 12.38 -53.09 -10.96 172.67
 34.16 -0.19 12.38 -53.08 -10.94 172.71
 34.15 -0.19 12.34 -53.08 -10.92 172.75
 34.15 -0.19 12.34 -53.07 -10.90 172.78
 34.13 -0.19 12.32 -53.08 -10.89 172.81
 34.13 -0.19 12.31 -53.07 -10.87 172.84
 34.11 -0.19 12.29 -53.07 -10.86 172.87
 34.11 -0.20 12.29 -53.07 -10.84 172.91
 34.11 -0.20 12.27 -53.06 -10.83 172.94
 34.10 -0.19 12.27 -53.06 -10.82 172.96
 34.11 -0.19 12.25 -53.06 -10.80 172.99
